20
[LIST]
asdasd 0 1 0 1 1
asdasdasd 0 0 1 1 1
[LIST_END]
[DISK]7000000000000000000000000000000000000000000000000000000000000000000000000000000000000000000000000000000000000000000000000000000000000000000000000000000000000000000000000000000000000000000000000000000000000000000000000000000000000000000000000000000000000000
[DISK_END]
[VOL]1100000000000000000000000000000000000000000000000000000000000000000000000000000000000000000000000000000000000000000000000000000000000000000000000000000000000000000000000000000000000000000000000000000000000000000000000000000000000000000000000000000000000000
[VOL_END]
[PROCESS]
设备A的剩余量:  1
设备B的剩余量:  1
设备C的剩余量:  1
内存
210240 310240
310240 510240
510240 533240
533240 813240

就绪
2 100000 95 W 0 0 0 0 1 1
4 23000 45 W 0 0 0 0 0 0
3 200000 130 W 1 1 1 0 0 0

挂起
5 280000 130 O 1 0 1 0 0 0

完成
1 200000 0 F 0 0 0 0 0 0
[PROCESS_END]
